LM3=32
3.225959960937500e+003 1.339242675781250e+003 1.307166748046875e+002 
3.225959960937500e+003 7.784895019531250e+002 5.192700195312500e+002 
3.225959960937500e+003 5.842128295898438e+002 7.312081298828125e+002 
3.225959960937500e+003 1.426748046875000e+002 1.698176269531250e+003 
3.225959960937500e+003 1.383395874023438e+003 3.203820312500000e+003 
3.225959960937500e+003 2.624117431640625e+003 1.623114868164063e+003 
3.225959960937500e+003 2.138426269531250e+003 6.693931274414063e+002 
3.225959960937500e+003 1.939734130859375e+003 4.397933349609375e+002 
3.225960449218750e+003 1.312750366210938e+003 4.221317138671875e+002 
3.225959960937500e+003 9.595199584960938e+002 7.930235595703125e+002 
3.225959960937500e+003 7.784895019531250e+002 9.608079223632813e+002 
3.225959960937500e+003 3.855205078125000e+002 1.715837646484375e+003 
3.248467041015625e+003 1.379019775390625e+003 2.968291503906250e+003 
3.225960449218750e+003 2.376856445312500e+003 1.654022460937500e+003 
3.225960449218750e+003 1.935318847656250e+003 9.254848022460938e+002 
3.225959960937500e+003 1.758703613281250e+003 7.797772827148438e+002 
3.239517089843750e+003 1.309082153320313e+003 1.380388488769531e+002 
2.839151855468750e+003 1.332351318359375e+003 4.961176757812500e+002 
2.661103271484375e+003 1.332351318359375e+003 1.693492309570313e+003 
2.754578613281250e+003 1.332351318359375e+003 2.953183349609375e+003 
3.186345703125000e+003 1.332351318359375e+003 3.206902343750000e+003 
3.573600830078125e+003 1.332351318359375e+003 3.024402832031250e+003 
3.800612304687500e+003 1.332351318359375e+003 1.738004272460938e+003 
3.644819824218750e+003 1.332351318359375e+003 4.961176757812500e+002 
3.244211181640625e+003 1.332351318359375e+003 3.047156982421875e+002 
3.137382568359375e+003 1.332351318359375e+003 6.652635498046875e+002 
2.910370849609375e+003 1.332351318359375e+003 1.693492309570313e+003 
2.950431640625000e+003 1.332351318359375e+003 2.850805908203125e+003 
3.181894531250000e+003 1.332351318359375e+003 2.979890625000000e+003 
3.400003662109375e+003 1.332351318359375e+003 2.850806152343750e+003 
3.573600830078125e+003 1.332351318359375e+003 1.742455566406250e+003 
3.364394042968750e+003 1.332351318359375e+003 6.652636108398438e+002 
ID=landmark_analysis/cultivated/batch1_Citrullus-rehmii_stack_cropped.txt
LM3=32
2.901050781250000e+003 1.159573730468750e+003 1.614726562500000e+002 
2.901050781250000e+003 6.984366455078125e+002 3.746395263671875e+002 
2.901050781250000e+003 5.548750610351563e+002 6.574121093750000e+002 
2.901050781250000e+003 1.676940917968750e+002 1.862458129882813e+003 
2.901050781250000e+003 1.142171264648438e+003 3.524291015625000e+003 
2.901050781250000e+003 2.020941772460938e+003 1.884210083007813e+003 
2.901050781250000e+003 1.755570922851563e+003 9.053820190429688e+002 
2.901050781250000e+003 1.681614990234375e+003 6.139088134765625e+002 
2.901050781250000e+003 1.142172119140625e+003 2.702312011718750e+002 
2.901050781250000e+003 9.594574584960938e+002 5.356024169921875e+002 
2.901050781250000e+003 7.941442871093750e+002 7.922728271484375e+002 
2.901050781250000e+003 3.808610839843750e+002 1.871158935546875e+003 
2.901050781250000e+003 1.142171386718750e+003 3.376378906250000e+003 
2.943460937500000e+003 1.801828857421875e+003 1.883563720703125e+003 
2.901050781250000e+003 1.498900634765625e+003 1.048943359375000e+003 
2.901050781250000e+003 1.368390258789063e+003 7.705211181640625e+002 
2.905434326171875e+003 1.102354980468750e+003 1.573945312500000e+002 
2.618736816406250e+003 1.134003417968750e+003 4.821003417968750e+002 
2.455524169921875e+003 1.134003417968750e+003 1.858381103515625e+003 
2.609914306640625e+003 1.134003417968750e+003 3.389052001953125e+003 
2.901050781250000e+003 1.084987670898438e+003 3.518165039062500e+003 
3.165720214843750e+003 1.134003417968750e+003 3.415519042968750e+003 
3.306877197265625e+003 1.134003417968750e+003 1.893670410156250e+003 
3.174542480468750e+003 1.134003417968750e+003 4.556334228515625e+002 
2.901050781250000e+003 1.105181152343750e+003 3.143513183593750e+002 
2.795183105468750e+003 1.134003417968750e+003 5.570902099609375e+002 
2.596680908203125e+003 1.134003417968750e+003 1.876025756835938e+003 
2.733427001953125e+003 1.134003417968750e+003 3.261128906250000e+003 
2.905420654296875e+003 1.086740966796875e+003 3.361433837890625e+003 
3.051030273437500e+003 1.134003417968750e+003 3.305240234375000e+003 
3.165720214843750e+003 1.134003417968750e+003 1.893670410156250e+003 
3.015740966796875e+003 1.134003417968750e+003 5.659123535156250e+002 
ID=landmark_analysis/cultivated/batch2_Citrullus_ecirrhosus_A_stack_cropped.txt
LM3=32
2.791851074218750e+003 1.164454589843750e+003 6.055350341796875e+002 
2.791851074218750e+003 6.978787841796875e+002 8.643079833984375e+002 
2.791851074218750e+003 5.096802978515625e+002 1.127001708984375e+003 
2.791851074218750e+003 1.136788330078125e+002 2.205222412109375e+003 
2.791851074218750e+003 1.148770263671875e+003 3.565740478515625e+003 
2.791851074218750e+003 2.191703857421875e+003 2.209143310546875e+003 
2.791851074218750e+003 1.830990478515625e+003 1.170130859375000e+003 
2.791851074218750e+003 1.666316772460938e+003 8.760708007812500e+002 
2.791851074218750e+003 1.140929321289063e+003 8.211793212890625e+002 
2.791851074218750e+003 9.174437255859375e+002 1.040744262695313e+003 
2.791851074218750e+003 6.861164550781250e+002 1.244625732421875e+003 
2.791851074218750e+003 2.861942138671875e+002 2.205222412109375e+003 
2.791851074218750e+003 1.148770507812500e+003 3.393225097656250e+003 
2.791851074218750e+003 1.976060058593750e+003 2.228747070312500e+003 
2.791851074218750e+003 1.646713012695313e+003 1.323041992187500e+003 
2.791851074218750e+003 1.470276855468750e+003 1.111318603515625e+003 
2.805869873046875e+003 1.112357666015625e+003 6.204741210937500e+002 
2.502960937500000e+003 1.159032714843750e+003 8.685346679687500e+002 
2.285401367187500e+003 1.159032714843750e+003 2.251885986328125e+003 
2.437282226562500e+003 1.159032714843750e+003 3.397153320312500e+003 
2.757047851562500e+003 1.105860107421875e+003 3.556878173828125e+003 
3.040702636718750e+003 1.159032714843750e+003 3.409467773437500e+003 
3.167954589843750e+003 1.159032714843750e+003 2.247781005859375e+003 
3.110485839843750e+003 1.159032714843750e+003 9.506328125000000e+002 
2.797359863281250e+003 1.089305908203125e+003 8.420525512695313e+002 
2.704100830078125e+003 1.159032714843750e+003 9.916816406250000e+002 
2.449597167968750e+003 1.159032714843750e+003 2.260095947265625e+003 
2.564534423828125e+003 1.159032714843750e+003 3.286320800781250e+003 
2.757060058593750e+003 1.107409179687500e+003 3.378729980468750e+003 
2.913450927734375e+003 1.159032714843750e+003 3.302740722656250e+003 
3.016073486328125e+003 1.159032714843750e+003 2.255990722656250e+003 
2.909346191406250e+003 1.159032714843750e+003 1.069674804687500e+003 
ID=landmark_analysis/cultivated/batch2_Citrullus_ecirrhosus_B_stack_cropped.txt
LM3=32
3.019876464843750e+003 1.099355834960938e+003 2.937476806640625e+002 
3.019876464843750e+003 5.092680053710938e+002 6.785874023437500e+002 
3.019876953125000e+003 3.596082763671875e+002 1.012114807128906e+003 
3.019876464843750e+003 1.325219726562500e+001 2.034077880859375e+003 
3.019876464843750e+003 1.056594848632813e+003 3.611920410156250e+003 
3.019876953125000e+003 2.138422363281250e+003 2.038354370117188e+003 
3.019876464843750e+003 1.873311035156250e+003 1.024943115234375e+003 
3.019876464843750e+003 1.774963012695313e+003 6.657596435546875e+002 
3.063773681640625e+003 1.099241088867188e+003 3.043230590820313e+002 
3.019876464843750e+003 7.487238769531250e+002 8.196953125000000e+002 
3.019876464843750e+003 5.648560180664063e+002 1.136118774414063e+003 
3.019876953125000e+003 2.142241210937500e+002 2.034078002929688e+003 
3.019876464843750e+003 1.048043334960938e+003 3.436604492187500e+003 
3.019876953125000e+003 1.954554443359375e+003 2.059734130859375e+003 
3.019876464843750e+003 1.616750976562500e+003 1.174603027343750e+003 
3.019876464843750e+003 1.424331298828125e+003 9.052150878906250e+002 
2.991545166015625e+003 1.069408203125000e+003 3.120564575195313e+002 
2.742606445312500e+003 1.076941650390625e+003 5.008576660156250e+002 
2.382391601562500e+003 1.076942138671875e+003 2.039552368164063e+003 
2.751500732421875e+003 1.076942138671875e+003 3.484858398437500e+003 
3.021563476562500e+003 1.013806152343750e+003 3.597680664062500e+003 
3.267363525390625e+003 1.076941650390625e+003 3.502646240234375e+003 
3.440800537109375e+003 1.076942138671875e+003 2.066234863281250e+003 
3.267363525390625e+003 1.076942138671875e+003 4.786220703125000e+002 
3.007185791015625e+003 4.677562866210938e+002 6.662344970703125e+002 
2.911596191406250e+003 1.076942138671875e+003 6.387175292968750e+002 
2.529145751953125e+003 1.076942138671875e+003 2.048446533203125e+003 
2.840442382812500e+003 1.076941650390625e+003 3.342550781250000e+003 
3.021451660156250e+003 1.007964050292969e+003 3.415906494140625e+003 
3.151739013671875e+003 1.076942138671875e+003 3.395916015625000e+003 
3.294046386718750e+003 1.076941650390625e+003 2.084023193359375e+003 
3.102821044921875e+003 1.076942138671875e+003 5.897993164062500e+002 
ID=landmark_analysis/cultivated/batch3_Citrullus-colocynthis_A_cropped.txt
LM3=32
3.000294921875000e+003 1.332583862304688e+003 4.393001708984375e+002 
3.000294921875000e+003 7.388027954101563e+002 7.760712890625000e+002 
3.000294921875000e+003 6.058669433593750e+002 1.254640625000000e+003 
3.000294921875000e+003 3.399943847656250e+002 2.282679199218750e+003 
3.000294921875000e+003 1.314857910156250e+003 3.877910888671875e+003 
3.000294921875000e+003 2.378346679687500e+003 2.273816894531250e+003 
3.000294921875000e+003 2.072593750000000e+003 1.197035400390625e+003 
3.000294921875000e+003 1.966244873046875e+003 8.779891357421875e+002 
3.000294921875000e+003 1.323721069335938e+003 6.519975585937500e+002 
3.000294921875000e+003 9.913812255859375e+002 9.621816406250000e+002 
3.000294921875000e+003 8.540138549804688e+002 1.334402343750000e+003 
3.000294921875000e+003 5.128112182617188e+002 2.295972656250000e+003 
3.000294921875000e+003 1.305995361328125e+003 3.705093994140625e+003 
3.000294921875000e+003 2.192235839843750e+003 2.295972656250000e+003 
3.000294921875000e+003 1.851033813476563e+003 1.347695922851563e+003 
3.000294921875000e+003 1.633905029296875e+003 1.050805419921875e+003 
3.024084960937500e+003 1.276079589843750e+003 4.551329956054688e+002 
2.751334716796875e+003 1.334952636718750e+003 7.375727539062500e+002 
2.413361572265625e+003 1.334952636718750e+003 2.317824951171875e+003 
2.678259277343750e+003 1.334952636718750e+003 3.738225097656250e+003 
2.951822265625000e+003 1.275056396484375e+003 3.868835205078125e+003 
3.198920898437500e+003 1.334952636718750e+003 3.747359375000000e+003 
3.422713623046875e+003 1.334952636718750e+003 2.336093994140625e+003 
3.267428466796875e+003 1.334952636718750e+003 7.375728759765625e+002 
3.007530761718750e+003 7.000707397460938e+002 8.256393432617188e+002 
2.906619628906250e+003 1.334952636718750e+003 8.334843750000000e+002 
2.559512207031250e+003 1.334952636718750e+003 2.322392333984375e+003 
2.774170654296875e+003 1.334952636718750e+003 3.619478027343750e+003 
2.942832031250000e+003 1.281561767578125e+003 3.694711181640625e+003 
3.089307617187500e+003 1.334952636718750e+003 3.642313964843750e+003 
3.271995849609375e+003 1.334952636718750e+003 2.340661132812500e+003 
3.112143798828125e+003 1.334952636718750e+003 8.380515136718750e+002 
ID=landmark_analysis/cultivated/batch3_Citrullus-colocynthis_B_cropped.txt
LM3=32
2.929967773437500e+003 1.075694458007813e+003 2.642895507812500e+001 
2.929967773437500e+003 6.460495605468750e+002 3.824204101562500e+002 
2.929967773437500e+003 5.764880371093750e+002 5.870130615234375e+002 
2.929967773437500e+003 1.100162353515625e+002 1.830936645507813e+003 
2.929967773437500e+003 9.406622924804688e+002 3.328555419921875e+003 
2.929967773437500e+003 1.951350830078125e+003 1.933233398437500e+003 
2.929967773437500e+003 1.591267700195313e+003 6.361154785156250e+002 
2.929967773437500e+003 1.448052978515625e+003 3.333183593750000e+002 
2.929967773437500e+003 1.059326660156250e+003 3.455937500000000e+002 
2.929967773437500e+003 8.424584350585938e+002 5.788292236328125e+002 
2.929968261718750e+003 6.624170532226563e+002 7.384116821289063e+002 
2.929967773437500e+003 2.573230590820313e+002 1.839120239257813e+003 
2.929967773437500e+003 9.447542114257813e+002 3.181248535156250e+003 
2.929967773437500e+003 1.750849853515625e+003 1.929141479492188e+003 
2.929967773437500e+003 1.407134277343750e+003 8.120650634765625e+002 
2.929967773437500e+003 1.251644042968750e+003 6.074722900390625e+002 
2.892793212890625e+003 1.008665039062500e+003 4.315246582031250e+001 
2.681364501953125e+003 1.008665039062500e+003 2.968660888671875e+002 
2.436107910156250e+003 1.008665039062500e+003 1.852977294921875e+003 
2.651764892578125e+003 1.008665039062500e+003 3.184974609375000e+003 
2.908613037109375e+003 8.944622802734375e+002 3.306425537109375e+003 
3.125363769531250e+003 1.008665039062500e+003 3.193431640625000e+003 
3.281820800781250e+003 1.008665039062500e+003 1.869891723632813e+003 
3.091535156250000e+003 1.008665039062500e+003 2.757236328125000e+002 
2.890376953125000e+003 6.123428955078125e+002 4.017857360839844e+002 
2.791307373046875e+003 1.008665039062500e+003 4.194947509765625e+002 
2.558736328125000e+003 1.008665039062500e+003 1.852977294921875e+003 
2.744793212890625e+003 1.008665039062500e+003 3.079260742187500e+003 
2.904572021484375e+003 9.045502929687500e+002 3.152651611328125e+003 
3.019649658203125e+003 1.008665039062500e+003 3.100403320312500e+003 
3.176106689453125e+003 1.008665039062500e+003 1.869891723632813e+003 
2.935712402343750e+003 5.358591308593750e+002 5.496208496093750e+002 
ID=landmark_analysis/cultivated/batch4_Citrullus-lanatus_dunkelbraun_A_stack_cropped.txt
LM3=32
2.729431152343750e+003 1.066948608398438e+003 9.893566894531250e+001 
2.729431152343750e+003 7.257174072265625e+002 3.211325683593750e+002 
2.729431152343750e+003 5.630373535156250e+002 6.345888671875000e+002 
2.729431152343750e+003 1.583212280273438e+002 1.709863281250000e+003 
2.729431152343750e+003 9.756881103515625e+002 3.229531738281250e+003 
2.729431152343750e+003 1.995413818359375e+003 1.777316162109375e+003 
2.729431152343750e+003 1.634344238281250e+003 6.861707153320313e+002 
2.729431152343750e+003 1.487535522460938e+003 3.925533447265625e+002 
2.729431152343750e+003 1.051077270507813e+003 2.933580322265625e+002 
2.729431152343750e+003 8.883971557617188e+002 5.671363525390625e+002 
2.729431152343750e+003 6.741358642578125e+002 7.694942016601563e+002 
2.729431152343750e+003 2.971943969726563e+002 1.733670166015625e+003 
2.729431152343750e+003 9.796562500000000e+002 3.086690917968750e+003 
2.729431152343750e+003 1.868444335937500e+003 1.773348266601563e+003 
2.729431152343750e+003 1.527213378906250e+003 8.171079101562500e+002 
2.729431152343750e+003 1.328823364257813e+003 6.544281005859375e+002 
2.683891601562500e+003 1.029659912109375e+003 1.014835205078125e+002 
2.489811035156250e+003 1.029659912109375e+003 2.915205078125000e+002 
2.324034423828125e+003 1.029659912109375e+003 1.743078613281250e+003 
2.473637939453125e+003 1.029659912109375e+003 3.020773193359375e+003 
2.720751464843750e+003 9.217509765625000e+002 3.214359619140625e+003 
2.995228759765625e+003 1.029659912109375e+003 3.085466796875000e+003 
3.144832275390625e+003 1.029659912109375e+003 1.751165405273438e+003 
2.890101562500000e+003 1.029659912109375e+003 3.238670654296875e+002 
2.706894287109375e+003 6.741669921875000e+002 3.144798278808594e+002 
2.623241699218750e+003 1.029659912109375e+003 3.885605468750000e+002 
2.437248046875000e+003 1.029659912109375e+003 1.739035156250000e+003 
2.582808349609375e+003 1.029659423828125e+003 2.947993164062500e+003 
2.728636718750000e+003 9.269230346679688e+002 3.065880126953125e+003 
2.890101562500000e+003 1.029659912109375e+003 3.008643554687500e+003 
3.031619140625000e+003 1.029659912109375e+003 1.747121948242188e+003 
2.764758056640625e+003 1.029659912109375e+003 4.411239013671875e+002 
ID=landmark_analysis/cultivated/batch4_Citrullus-lanatus_dunkelbraun_B_stack_cropped.txt
LM3=32
2.687354003906250e+003 1.085225708007813e+003 1.097949218750000e+002 
2.687354492187500e+003 6.641258544921875e+002 4.256197509765625e+002 
2.687354492187500e+003 5.783459472656250e+002 6.322708129882813e+002 
2.687354492187500e+003 1.416496582031250e+002 1.700616333007813e+003 
2.687354003906250e+003 9.214638061523438e+002 3.174466064453125e+003 
2.687354492187500e+003 1.904030517578125e+003 1.790295532226563e+003 
2.687354003906250e+003 1.599902832031250e+003 6.634635009765625e+002 
2.687354003906250e+003 1.455637451171875e+003 3.749322509765625e+002 
2.687354492187500e+003 1.077427490234375e+003 2.930516357421875e+002 
2.687354003906250e+003 8.317857666015625e+002 6.010781250000000e+002 
2.687354492187500e+003 6.953182983398438e+002 7.609402465820313e+002 
2.687354492187500e+003 2.898145751953125e+002 1.735708129882813e+003 
2.687354003906250e+003 9.253629760742188e+002 3.030200439453125e+003 
2.687354003906250e+003 1.736370361328125e+003 1.794194702148438e+003 
2.687354003906250e+003 1.486830078125000e+003 8.038299560546875e+002 
2.687354492187500e+003 1.338665039062500e+003 6.634634399414063e+002 
2.695012451171875e+003 1.014821533203125e+003 1.355183105468750e+002 
2.528272949218750e+003 1.014821533203125e+003 3.340178222656250e+002 
2.321833251953125e+003 1.014821533203125e+003 1.763215087890625e+003 
2.480632812500000e+003 1.014821533203125e+003 3.073312255859375e+003 
2.692165039062500e+003 8.716192626953125e+002 3.151404785156250e+003 
2.917332031250000e+003 1.014821533203125e+003 3.081252441406250e+003 
3.123771972656250e+003 1.014821533203125e+003 1.759244995117188e+003 
2.889542480468750e+003 1.014821533203125e+003 3.022578125000000e+002 
2.705043457031250e+003 6.146086425781250e+002 4.090199584960938e+002 
2.651342773437500e+003 1.014821533203125e+003 4.491475830078125e+002 
2.448873046875000e+003 1.014821533203125e+003 1.755275024414063e+003 
2.575912597656250e+003 1.014821533203125e+003 2.946272705078125e+003 
2.695966064453125e+003 8.779505004882813e+002 3.003387695312500e+003 
2.810142333984375e+003 1.014821533203125e+003 2.970092529296875e+003 
3.000702148437500e+003 1.014821533203125e+003 1.751305053710938e+003 
2.790292236328125e+003 1.014821533203125e+003 4.491475830078125e+002 
ID=landmark_analysis/cultivated/batch4_Citrullus-lanatus_dunkelbraun_C_stack_cropped.txt
LM3=32
2.983698242187500e+003 1.164095947265625e+003 4.490185546875000e+002 
2.983698242187500e+003 7.771965332031250e+002 7.291867675781250e+002 
2.983698242187500e+003 6.704656982421875e+002 1.000460937500000e+003 
2.983698242187500e+003 2.346477050781250e+002 2.383514892578125e+003 
2.983698242187500e+003 1.181883789062500e+003 4.051184326171875e+003 
2.983698242187500e+003 2.120226318359375e+003 2.370173583984375e+003 
2.983698242187500e+003 1.724432617187500e+003 1.142769042968750e+003 
2.983698242187500e+003 1.657726074218750e+003 9.159659423828125e+002 
2.983698242187500e+003 1.155201782226563e+003 6.580330810546875e+002 
2.983698242187500e+003 1.003999633789063e+003 8.492590332031250e+002 
2.983698242187500e+003 8.439034423828125e+002 1.076062011718750e+003 
2.983698242187500e+003 3.991912231445313e+002 2.396856201171875e+003 
2.983698242187500e+003 1.177436401367188e+003 3.886640625000000e+003 
2.983698242187500e+003 1.964576904296875e+003 2.383514892578125e+003 
2.983698242187500e+003 1.542101074218750e+003 1.227264282226563e+003 
2.983698242187500e+003 1.430922973632813e+003 1.036038208007813e+003 
2.983698242187500e+003 1.107689331054688e+003 4.620302734375000e+002 
2.789242187500000e+003 1.148147460937500e+003 7.102797851562500e+002 
2.540519042968750e+003 1.148147460937500e+003 2.415162841796875e+003 
2.635486083984375e+003 1.148147460937500e+003 3.848711914062500e+003 
2.965683349609375e+003 1.126938110351563e+003 4.049355957031250e+003 
3.214332275390625e+003 1.148146972656250e+003 3.902979003906250e+003 
3.422355468750000e+003 1.148146972656250e+003 2.442296386718750e+003 
3.196243164062500e+003 1.148146972656250e+003 7.102797851562500e+002 
2.979548828125000e+003 7.201145019531250e+002 7.376134033203125e+002 
2.924909179687500e+003 1.148146972656250e+003 7.645467529296875e+002 
2.658097167968750e+003 1.148147460937500e+003 2.415162841796875e+003 
2.766631103515625e+003 1.148147460937500e+003 3.753745117187500e+003 
2.956679199218750e+003 1.126198486328125e+003 3.886986816406250e+003 
3.078665527343750e+003 1.148147460937500e+003 3.803489990234375e+003 
3.301846679687500e+003 1.100751708984375e+003 2.422618652343750e+003 
3.069620605468750e+003 1.148147460937500e+003 7.645466308593750e+002 
ID=landmark_analysis/cultivated/batch5_Citrullus-lanatus_A_stack_cropped.txt
LM3=32
2.462021972656250e+003 1.207719238281250e+003 2.930468750000000e+001 
2.462021972656250e+003 7.552181396484375e+002 3.999245605468750e+002 
2.462021972656250e+003 6.173129882812500e+002 7.059012451171875e+002 
2.462021972656250e+003 1.734307861328125e+002 1.852236938476563e+003 
2.462021972656250e+003 9.448367309570313e+002 3.468311523437500e+003 
2.462022460937500e+003 2.104101562500000e+003 1.955665893554688e+003 
2.462021972656250e+003 1.720553466796875e+003 6.110919189453125e+002 
2.462021972656250e+003 1.599886596679688e+003 3.137340087890625e+002 
2.462021972656250e+003 1.194790527343750e+003 2.016861572265625e+002 
2.462021972656250e+003 9.448375244140625e+002 5.507580566406250e+002 
2.462022460937500e+003 7.465989990234375e+002 7.964016113281250e+002 
2.462021972656250e+003 3.285739746093750e+002 1.882403686523438e+003 
2.462021972656250e+003 9.534559326171875e+002 3.291620605468750e+003 
2.462021972656250e+003 1.940339355468750e+003 1.968594604492188e+003 
2.462021972656250e+003 1.586957885742188e+003 7.231396484375000e+002 
2.462021972656250e+003 1.427505126953125e+003 5.809250488281250e+002 
2.479609619140625e+003 1.095185058593750e+003 9.337634277343750e+001 
2.290543212890625e+003 1.095185058593750e+003 2.912368164062500e+002 
2.000347900390625e+003 1.095185058593750e+003 1.891707031250000e+003 
2.167429931640625e+003 1.095185058593750e+003 3.294316894531250e+003 
2.457776611328125e+003 9.214609375000000e+002 3.415209716796875e+003 
2.752217285156250e+003 1.095185058593750e+003 3.307507812500000e+003 
2.919299316406250e+003 1.095185058593750e+003 1.896104125976563e+003 
2.664279296875000e+003 1.095185058593750e+003 2.648555908203125e+002 
2.470136474609375e+003 7.050911865234375e+002 3.713934020996094e+002 
2.431243896484375e+003 1.095185058593750e+003 4.011593017578125e+002 
2.105873535156250e+003 1.095185058593750e+003 1.896104125976563e+003 
2.286146240234375e+003 1.095185058593750e+003 3.179997558593750e+003 
2.462021972656250e+003 9.061484985351563e+002 3.257613769531250e+003 
2.615913574218750e+003 1.095185058593750e+003 3.219569335937500e+003 
2.809376953125000e+003 1.095185058593750e+003 1.904897705078125e+003 
2.527975341796875e+003 1.095185058593750e+003 3.923654785156250e+002 
ID=landmark_analysis/cultivated/batch5_Citrullus-lanatus_B_stack_cropped.txt
LM3=32
2.090361328125000e+003 1.243153808593750e+003 1.426810302734375e+002 
2.090361328125000e+003 7.678562622070313e+002 4.049139404296875e+002 
2.090361328125000e+003 6.121552734375000e+002 6.958284912109375e+002 
2.090361328125000e+003 1.655396118164063e+002 1.888169311523438e+003 
2.090361328125000e+003 1.112036376953125e+003 3.375521972656250e+003 
2.090361328125000e+003 2.124092285156250e+003 1.920948730468750e+003 
2.090361328125000e+003 1.710256347656250e+003 6.794392089843750e+002 
2.090361328125000e+003 1.607821533203125e+003 4.458880615234375e+002 
2.090361328125000e+003 1.222666748046875e+003 3.270634765625000e+002 
2.090361328125000e+003 9.522388305664063e+002 6.302705078125000e+002 
2.090361328125000e+003 7.514667968750000e+002 8.105556640625000e+002 
2.090361328125000e+003 3.253377685546875e+002 1.892266723632813e+003 
2.090361328125000e+003 1.103841918945313e+003 3.223918457031250e+003 
2.090361328125000e+003 1.988878662109375e+003 1.916851318359375e+003 
2.090361328125000e+003 1.583237060546875e+003 8.310427246093750e+002 
2.090361328125000e+003 1.443925781250000e+003 6.876339111328125e+002 
2.124383544921875e+003 1.179361328125000e+003 1.494316406250000e+002 
1.933009399414063e+003 1.179361328125000e+003 3.578166503906250e+002 
1.707612792968750e+003 1.179361328125000e+003 1.914326782226563e+003 
1.830942993164063e+003 1.179361328125000e+003 3.253945800781250e+003 
2.044510009765625e+003 1.082367187500000e+003 3.374315185546875e+003 
2.298746826171875e+003 1.179361328125000e+003 3.253946044921875e+003 
2.468856933593750e+003 1.179361328125000e+003 1.922832397460938e+003 
2.294493896484375e+003 1.179361328125000e+003 3.493111572265625e+002 
2.113476318359375e+003 7.197175903320313e+002 4.165109252929688e+002 
2.052086425781250e+003 1.179361328125000e+003 4.301137695312500e+002 
1.839448486328125e+003 1.179361328125000e+003 1.927085327148438e+003 
1.941514648437500e+003 1.179361328125000e+003 3.156132324218750e+003 
2.044558715820313e+003 1.077281005859375e+003 3.210208007812500e+003 
2.154152832031250e+003 1.179361328125000e+003 3.173143554687500e+003 
2.337021240234375e+003 1.179360839843750e+003 1.935590576171875e+003 
2.183922119140625e+003 1.179361328125000e+003 4.471247558593750e+002 
ID=landmark_analysis/cultivated/batch5_Citrullus-lanatus_C_stack_cropped.txt
LM3=32
2.051486816406250e+003 1.113345458984375e+003 1.853851318359375e+002 
2.051486816406250e+003 6.074364624023438e+002 5.524169921875000e+002 
2.051486816406250e+003 4.983186645507813e+002 8.648900146484375e+002 
2.051486816406250e+003 1.362463989257813e+002 2.357816894531250e+003 
2.051486816406250e+003 9.794273681640625e+002 4.093779296875000e+003 
2.051486816406250e+003 2.075563964843750e+003 2.422296142578125e+003 
2.051486816406250e+003 1.708531982421875e+003 9.888878173828125e+002 
2.051486816406250e+003 1.668853027343750e+003 6.317753906250000e+002 
2.051486816406250e+003 1.098465576171875e+003 3.391418457031250e+002 
2.051486816406250e+003 9.298294067382813e+002 7.508128662109375e+002 
2.051486816406250e+003 7.562329711914063e+002 1.028566406250000e+003 
2.051486816406250e+003 3.148025512695313e+002 2.367736816406250e+003 
2.051486816406250e+003 9.843873901367188e+002 3.974741699218750e+003 
2.051486816406250e+003 1.897008056640625e+003 2.412375976562500e+003 
2.051486816406250e+003 1.480377197265625e+003 1.142644287109375e+003 
2.051486816406250e+003 1.281981567382813e+003 8.103314208984375e+002 
2.031804565429688e+003 1.053144531250000e+003 2.003957519531250e+002 
1.844823120117188e+003 1.053144531250000e+003 3.430920410156250e+002 
1.667682617187500e+003 1.053144531250000e+003 2.404809326171875e+003 
1.889108154296875e+003 1.053144531250000e+003 4.003993652343750e+003 
2.125295654296875e+003 1.053144531250000e+003 4.107325195312500e+003 
2.336879882812500e+003 1.053144531250000e+003 3.984311523437500e+003 
2.391006347656250e+003 1.053144531250000e+003 2.404809326171875e+003 
2.208945068359375e+003 1.053144531250000e+003 3.283303222656250e+002 
2.042501953125000e+003 5.616114501953125e+002 5.294913330078125e+002 
1.992440185546875e+003 1.053144531250000e+003 5.349940185546875e+002 
1.766093750000000e+003 1.053144531250000e+003 2.399888671875000e+003 
1.962916625976563e+003 1.053144531250000e+003 3.935105712890625e+003 
2.120374755859375e+003 1.053144531250000e+003 4.008914550781250e+003 
2.243388916015625e+003 1.053144531250000e+003 3.925264404296875e+003 
2.292594726562500e+003 1.053144531250000e+003 2.409729980468750e+003 
2.085930908203125e+003 1.053144531250000e+003 5.005501708984375e+002 
ID=landmark_analysis/cultivated/batch6_Citrullus-lanatus_A_stack_cropped.txt
LM3=32
2.833542968750000e+003 1.121215209960938e+003 1.712126464843750e+002 
2.833542968750000e+003 6.647990722656250e+002 4.831929931640625e+002 
2.833542968750000e+003 5.608051147460938e+002 7.605090332031250e+002 
2.833542968750000e+003 1.390531616210938e+002 2.141312500000000e+003 
2.833542968750000e+003 1.092327270507813e+003 3.626109619140625e+003 
2.833543457031250e+003 2.086043457031250e+003 2.129757568359375e+003 
2.833542968750000e+003 1.629627685546875e+003 7.893966064453125e+002 
2.833542968750000e+003 1.618072998046875e+003 5.582995605468750e+002 
2.833542968750000e+003 1.109660522460938e+003 4.774157714843750e+002 
2.833542968750000e+003 9.478924560546875e+002 7.547318115234375e+002 
2.833542968750000e+003 7.341277465820313e+002 9.453867187500000e+002 
2.833542968750000e+003 2.950435180664063e+002 2.152867431640625e+003 
2.833542968750000e+003 1.092327270507813e+003 3.487451171875000e+003 
2.880549316406250e+003 1.958700439453125e+003 2.133959228515625e+003 
2.833542968750000e+003 1.433195800781250e+003 9.684965209960938e+002 
2.833542968750000e+003 1.271428100585938e+003 7.720642089843750e+002 
2.723172607421875e+003 1.118797363281250e+003 1.515618896484375e+002 
2.555408691406250e+003 1.118797363281250e+003 3.590588378906250e+002 
2.453867431640625e+003 1.118797363281250e+003 2.182385498046875e+003 
2.639290283203125e+003 1.118797363281250e+003 3.528910156250000e+003 
2.908595458984375e+003 1.118797363281250e+003 3.679014160156250e+003 
3.164655761718750e+003 1.118797363281250e+003 3.475932128906250e+003 
3.098433349609375e+003 1.118797363281250e+003 2.177970703125000e+003 
2.935084228515625e+003 1.118797363281250e+003 3.546440429687500e+002 
2.723172607421875e+003 1.118797363281250e+003 2.177844238281250e+002 
2.692268554687500e+003 1.118797363281250e+003 4.164519042968750e+002 
2.546579101562500e+003 1.118797363281250e+003 2.191215087890625e+003 
2.745246582031250e+003 1.118797363281250e+003 3.418539306640625e+003 
2.895351074218750e+003 1.118797363281250e+003 3.520080078125000e+003 
3.027796142578125e+003 1.118797363281250e+003 3.405294433593750e+003 
3.018966552734375e+003 1.118797363281250e+003 2.182385498046875e+003 
2.824796875000000e+003 1.071096069335938e+003 4.435502319335938e+002 
ID=landmark_analysis/cultivated/batch6_Citrullus-lanatus_B_stack_cropped.txt
LM3=32
2.652529785156250e+003 1.085196655273438e+003 8.404040527343750e+001 
2.652529785156250e+003 5.511439208984375e+002 4.879459228515625e+002 
2.652529785156250e+003 4.748505859375000e+002 7.841433105468750e+002 
2.652529785156250e+003 1.113354492187500e+002 2.058689453125000e+003 
2.652529785156250e+003 9.909514160156250e+002 3.696750488281250e+003 
2.652529785156250e+003 2.027642700195313e+003 2.063177246093750e+003 
2.652529785156250e+003 1.722469726562500e+003 7.751678466796875e+002 
2.652529785156250e+003 1.655152099609375e+003 4.610192871093750e+002 
2.652529785156250e+003 1.044806396484375e+003 2.052124023437500e+002 
2.652529785156250e+003 8.697805175781250e+002 6.539960937500000e+002 
2.652529785156250e+003 6.723155517578125e+002 9.322420654296875e+002 
2.652529785156250e+003 2.639221801757813e+002 2.072153076171875e+003 
2.652529785156250e+003 9.954393310546875e+002 3.530700195312500e+003 
2.652529785156250e+003 1.861592773437500e+003 2.054201660156250e+003 
2.652529785156250e+003 1.511541503906250e+003 9.860960693359375e+002 
2.652529785156250e+003 1.336515625000000e+003 7.661920166015625e+002 
2.662872558593750e+003 1.015951660156250e+003 4.908801269531250e+001 
2.504559326171875e+003 1.015951660156250e+003 2.300172119140625e+002 
2.295359863281250e+003 1.015951660156250e+003 2.056272216796875e+003 
2.368862548828125e+003 1.015951660156250e+003 3.531976074218750e+003 
2.640830810546875e+003 9.426760253906250e+002 3.677725097656250e+003 
2.900342041015625e+003 1.015951660156250e+003 3.537630615234375e+003 
3.075617431640625e+003 1.015951660156250e+003 2.067580078125000e+003 
2.838147705078125e+003 1.015951660156250e+003 2.243632812500000e+002 
2.668526611328125e+003 1.015951660156250e+003 1.282443847656250e+002 
2.649419677734375e+003 5.122587890625000e+002 4.519021606445313e+002 
2.391478515625000e+003 1.015951660156250e+003 2.056272216796875e+003 
2.464980957031250e+003 1.015951660156250e+003 3.452819824218750e+003 
2.646420654296875e+003 9.427283935546875e+002 3.532391601562500e+003 
2.787261230468750e+003 1.015951660156250e+003 3.464127929687500e+003 
2.979498535156250e+003 1.015951660156250e+003 2.073234375000000e+003 
2.725066894531250e+003 1.015951660156250e+003 3.261358642578125e+002 
ID=landmark_analysis/cultivated/batch6_Citrullus-lanatus_C_stack_cropped.txt
LM3=32
2.862462890625000e+003 1.605102416992188e+003 6.959663085937500e+002 
2.862462890625000e+003 8.688047485351563e+002 1.338085449218750e+003 
2.862462890625000e+003 6.633266601562500e+002 1.800411743164063e+003 
2.862462890625000e+003 5.545288085937500e+001 3.915125244140625e+003 
2.862462890625000e+003 1.553730834960938e+003 6.620588867187500e+003 
2.862462890625000e+003 3.137625976562500e+003 3.932248779296875e+003 
2.862462890625000e+003 2.555438232421875e+003 1.757604125976563e+003 
2.862462890625000e+003 2.478383789062500e+003 1.449386962890625e+003 
2.911180175781250e+003 1.605052978515625e+003 7.216870117187500e+002 
2.862462890625000e+003 1.159898925781250e+003 1.577810546875000e+003 
2.862462890625000e+003 9.287359619140625e+002 1.911712524414063e+003 
2.862462890625000e+003 3.636702880859375e+002 3.923686767578125e+003 
2.862462890625000e+003 1.562292602539063e+003 6.338056640625000e+003 
2.862463867187500e+003 2.837970703125000e+003 3.940810791015625e+003 
2.862463867187500e+003 2.315713867187500e+003 1.868904907226563e+003 
2.862462890625000e+003 2.247221191406250e+003 1.637741699218750e+003 
2.850958496093750e+003 1.553611816406250e+003 7.126155395507813e+002 
2.562975830078125e+003 1.610240234375000e+003 1.112726806640625e+003 
2.268266845703125e+003 1.610240234375000e+003 4.074554199218750e+003 
2.422989257812500e+003 1.610240234375000e+003 6.211195312500000e+003 
2.844267578125000e+003 1.502135498046875e+003 6.614989746093750e+003 
3.351323486328125e+003 1.610240234375000e+003 6.248033691406250e+003 
3.638664794921875e+003 1.610239257812500e+003 4.126128417968750e+003 
3.115555664062500e+003 1.610240234375000e+003 1.075888671875000e+003 
2.828214599609375e+003 1.610240234375000e+003 8.180180664062500e+002 
2.747169189453125e+003 1.610240234375000e+003 1.230610595703125e+003 
2.445092529296875e+003 1.610240234375000e+003 4.081921875000000e+003 
2.599814697265625e+003 1.610240234375000e+003 6.115415039062500e+003 
2.873281005859375e+003 1.511425415039063e+003 6.319730468750000e+003 
3.122923828125000e+003 1.610240234375000e+003 6.159621093750000e+003 
3.476574707031250e+003 1.610240234375000e+003 4.133496093750000e+003 
2.931362548828125e+003 1.610240234375000e+003 1.186404296875000e+003 
ID=landmark_analysis/cultivated/batch7_Citrullus-amarus_A_stack.txt
LM3=32
3.203119140625000e+003 1.565387817382813e+003 1.801958007812500e+002 
3.203119140625000e+003 1.019570617675781e+003 5.527370605468750e+002 
3.203119140625000e+003 8.376314086914063e+002 1.055235351562500e+003 
3.203119140625000e+003 9.254748535156250e+001 3.325140625000000e+003 
3.203119140625000e+003 1.825298706054688e+003 6.054226562500000e+003 
3.203119140625000e+003 3.428095703125000e+003 3.299150146484375e+003 
3.203119140625000e+003 2.544392089843750e+003 1.003253173828125e+003 
3.203119140625000e+003 2.327798095703125e+003 5.787290039062500e+002 
3.258794921875000e+003 1.566746215820313e+003 1.904063415527344e+002 
3.203119140625000e+003 1.270819335937500e+003 7.433398437500000e+002 
3.203119140625000e+003 1.045561523437500e+003 1.159200561523438e+003 
3.203119140625000e+003 3.437966308593750e+002 3.325140625000000e+003 
3.203119140625000e+003 1.825298828125000e+003 5.828968750000000e+003 
3.203119140625000e+003 3.150855468750000e+003 3.316477539062500e+003 
3.203119140625000e+003 2.336462402343750e+003 1.141873291015625e+003 
3.203119140625000e+003 1.989911499023438e+003 8.386416015625000e+002 
3.212064453125000e+003 1.509685424804688e+003 1.856762695312500e+002 
2.968234375000000e+003 1.728503906250000e+003 4.600781250000000e+002 
2.412183593750000e+003 1.685333618164063e+003 3.362970214843750e+003 
2.583324951171875e+003 1.728503906250000e+003 5.437659667968750e+003 
3.160689208984375e+003 1.728503906250000e+003 6.050015625000000e+003 
3.668069824218750e+003 1.728503906250000e+003 5.533886718750000e+003 
3.913012695312500e+003 1.728503906250000e+003 3.399387695312500e+003 
3.458119384765625e+003 1.728503906250000e+003 4.688259277343750e+002 
3.209343261718750e+003 9.743026733398438e+002 5.859360961914063e+002 
3.160689208984375e+003 1.728503906250000e+003 5.125656738281250e+002 
2.564860839843750e+003 1.499497680664063e+003 3.365345703125000e+003 
2.732039794921875e+003 1.728503906250000e+003 5.367675781250000e+003 
3.151941650390625e+003 1.728503906250000e+003 5.813821289062500e+003 
3.510606933593750e+003 1.728503906250000e+003 5.472651367187500e+003 
3.772658447265625e+003 1.480728271484375e+003 3.381698730468750e+003 
3.283160400390625e+003 1.728503906250000e+003 5.388098144531250e+002 
ID=landmark_analysis/cultivated/batch7_Citrullus-amarus_B_stack.txt
LM3=32
3.861448242187500e+003 1.813158691406250e+003 3.966699218750000e+002 
3.861448242187500e+003 9.869342651367188e+002 9.084904785156250e+002 
3.861448242187500e+003 8.187644042968750e+002 1.325258666992188e+003 
3.861448242187500e+003 1.387739257812500e+002 3.511462402343750e+003 
3.861448242187500e+003 1.827780639648438e+003 6.275292968750000e+003 
3.861448242187500e+003 3.385177734375000e+003 3.445657714843750e+003 
3.861449218750000e+003 2.617447265625000e+003 1.259454101562500e+003 
3.861448242187500e+003 2.485836669921875e+003 8.938676757812500e+002 
3.915453613281250e+003 1.805800292968750e+003 4.081001892089844e+002 
3.861448242187500e+003 1.418325317382813e+003 1.193647949218750e+003 
3.861448242187500e+003 1.060051269531250e+003 1.478804809570313e+003 
3.861448242187500e+003 3.727490234375000e+002 3.511462646484375e+003 
3.861448242187500e+003 1.813156616210938e+003 6.034006347656250e+003 
3.861449218750000e+003 3.136579345703125e+003 3.482216308593750e+003 
3.861448242187500e+003 2.244549560546875e+003 1.369129150390625e+003 
3.861448242187500e+003 2.149497558593750e+003 1.054725341796875e+003 
3.891882812500000e+003 1.736475341796875e+003 4.130181579589844e+002 
3.601224853515625e+003 1.813258789062500e+003 6.703662109375000e+002 
3.183101318359375e+003 1.813258789062500e+003 3.537498046875000e+003 
3.362297119140625e+003 1.813258789062500e+003 5.672914062500000e+003 
3.832686035156250e+003 1.761882934570313e+003 6.260048828125000e+003 
4.322859863281250e+003 1.767765869140625e+003 5.719908203125000e+003 
4.459871093750000e+003 1.813258789062500e+003 3.559897216796875e+003 
4.108946289062500e+003 1.813258789062500e+003 6.628991699218750e+002 
3.870018310546875e+003 1.813258789062500e+003 4.762368164062500e+002 
3.772954101562500e+003 1.813258789062500e+003 7.450307617187500e+002 
3.324964843750000e+003 1.813258789062500e+003 3.552430664062500e+003 
3.504160400390625e+003 1.813258789062500e+003 5.628115234375000e+003 
3.862298095703125e+003 1.740364379882813e+003 6.008357421875000e+003 
4.151284179687500e+003 1.747551757812500e+003 5.662384277343750e+003 
4.316479492187500e+003 1.813258789062500e+003 3.555236572265625e+003 
3.971484130859375e+003 1.813258789062500e+003 7.727788085937500e+002 
ID=landmark_analysis/cultivated/batch7_Citrullus-amarus_C_stack.txt
LM3=32
3.284486328125000e+003 1.809122680664063e+003 7.407397460937500e+001 
3.284486328125000e+003 1.122048950195313e+003 6.807441406250000e+002 
3.284486328125000e+003 9.173892211914063e+002 1.111992187500000e+003 
3.284486328125000e+003 1.572227783203125e+002 3.370560791015625e+003 
3.284486328125000e+003 1.728718383789063e+003 6.177326171875000e+003 
3.284486328125000e+003 3.292905761718750e+003 3.370561035156250e+003 
3.284486328125000e+003 2.686236083984375e+003 1.119301879882813e+003 
3.284486328125000e+003 2.540050048828125e+003 6.807446289062500e+002 
3.349778564453125e+003 1.815976562500000e+003 1.050083465576172e+002 
3.284486328125000e+003 1.465585571289063e+003 9.658066406250000e+002 
3.284486328125000e+003 1.173214111328125e+003 1.265487182617188e+003 
3.284486328125000e+003 4.422850341796875e+002 3.370560546875000e+003 
3.284486328125000e+003 1.721408935546875e+003 5.863027343750000e+003 
3.284486328125000e+003 2.985916015625000e+003 3.392488769531250e+003 
3.284486328125000e+003 2.459648193359375e+003 1.287415161132813e+003 
3.284486328125000e+003 2.211132324218750e+003 9.731157226562500e+002 
3.315504638671875e+003 1.761671142578125e+003 7.519038391113281e+001 
3.048955566406250e+003 1.800822265625000e+003 4.460854492187500e+002 
2.607144042968750e+003 1.800822265625000e+003 3.405386962890625e+003 
2.773865234375000e+003 1.800822265625000e+003 5.764492187500000e+003 
3.265692871093750e+003 1.681820678710938e+003 6.151650390625000e+003 
3.690832031250000e+003 1.800822265625000e+003 5.814508300781250e+003 
3.949250000000000e+003 1.800822265625000e+003 3.413723144531250e+003 
3.565791015625000e+003 1.800822265625000e+003 4.210773925781250e+002 
3.315709228515625e+003 1.800822265625000e+003 2.376840820312500e+002 
3.257979003906250e+003 1.086562988281250e+003 7.161095581054688e+002 
2.782201416015625e+003 1.800821289062500e+003 3.405386962890625e+003 
2.948922363281250e+003 1.800822265625000e+003 5.639452148437500e+003 
3.265692871093750e+003 1.669165161132813e+003 5.851640625000000e+003 
3.490766845703125e+003 1.800822265625000e+003 5.697803710937500e+003 
3.782529052734375e+003 1.800822265625000e+003 3.430395019531250e+003 
3.424077880859375e+003 1.800821289062500e+003 5.127744140625000e+002 
ID=landmark_analysis/cultivated/batch7_Citrullus-amarus_D_stack.txt
LM3=32
3.344149414062500e+003 2.133768310546875e+003 6.401440429687500e+001 
3.344149414062500e+003 1.258393676757813e+003 5.965334472656250e+002 
3.344149414062500e+003 1.010370971679688e+003 9.904517822265625e+002 
3.344149414062500e+003 1.933547363281250e+002 3.032990722656250e+003 
3.344149414062500e+003 1.717963378906250e+003 5.826892578125000e+003 
3.344149414062500e+003 3.607312988281250e+003 3.295603271484375e+003 
3.344149414062500e+003 2.950783203125000e+003 9.393886718750000e+002 
3.344149414062500e+003 2.761118652343750e+003 4.944069824218750e+002 
3.420648681640625e+003 2.131636230468750e+003 8.326713562011719e+001 
3.344149414062500e+003 1.637722290039063e+003 9.393883056640625e+002 
3.344149414062500e+003 1.243803955078125e+003 1.216589843750000e+003 
3.344149414062500e+003 4.924406738281250e+002 3.062169677734375e+003 
3.344149414062500e+003 1.754437622070313e+003 5.498626953125000e+003 
3.344149414062500e+003 3.308226806640625e+003 3.310192871093750e+003 
3.344149414062500e+003 2.724644775390625e+003 1.121758056640625e+003 
3.344149414062500e+003 2.403674804687500e+003 9.320933837890625e+002 
3.366815917968750e+003 2.064179931640625e+003 9.336616516113281e+001 
3.140010253906250e+003 2.070528320312500e+003 3.937084960937500e+002 
2.716609375000000e+003 2.070528320312500e+003 3.085326416015625e+003 
2.898066894531250e+003 2.070528320312500e+003 5.482076660156250e+003 
3.313907226562500e+003 2.070528320312500e+003 5.792066406250000e+003 
3.691943603515625e+003 2.070528320312500e+003 5.535001953125000e+003 
3.949008300781250e+003 2.070528320312500e+003 3.092887451171875e+003 
3.616335693359375e+003 2.070528320312500e+003 4.163906250000000e+002 
3.389514160156250e+003 2.070528320312500e+003 2.576152343750000e+002 
3.313907226562500e+003 2.070528320312500e+003 4.919975585937500e+002 
2.867824218750000e+003 2.070528320312500e+003 3.085326660156250e+003 
3.071964111328125e+003 2.070527343750000e+003 5.330862304687500e+003 
3.291224853515625e+003 2.070528320312500e+003 5.512319335937500e+003 
3.502925292968750e+003 2.070528320312500e+003 5.376226562500000e+003 
3.797793945312500e+003 2.070528320312500e+003 3.085326660156250e+003 
3.472682128906250e+003 2.070528320312500e+003 5.298015136718750e+002 
ID=landmark_analysis/cultivated/batch8_Citrullus-amarus_A_stack.txt
LM3=32
3.588970703125000e+003 1.736777709960938e+003 4.894433593750000e+002 
3.588970703125000e+003 1.139626220703125e+003 1.086593994140625e+003 
3.588970703125000e+003 1.020196228027344e+003 1.454071655273438e+003 
3.588970703125000e+003 2.301188964843750e+002 3.649750000000000e+003 
3.588970703125000e+003 1.690841552734375e+003 6.258840820312500e+003 
3.588970703125000e+003 3.353678222656250e+003 3.668124023437500e+003 
3.588970703125000e+003 2.637097900390625e+003 1.316267578125000e+003 
3.588970703125000e+003 2.499293457031250e+003 9.947248535156250e+002 
3.673761230468750e+003 1.726925781250000e+003 5.126656494140625e+002 
3.588970703125000e+003 1.516290771484375e+003 1.224397949218750e+003 
3.588970703125000e+003 1.350926025390625e+003 1.637810424804688e+003 
3.588971679687500e+003 5.241010742187500e+002 3.677311035156250e+003 
3.588970703125000e+003 1.700028686523438e+003 5.974045410156250e+003 
3.588970703125000e+003 3.059695800781250e+003 3.695684570312500e+003 
3.588970703125000e+003 2.297180664062500e+003 1.628623657226563e+003 
3.588970703125000e+003 2.085881103515625e+003 1.362202392578125e+003 
3.596170166015625e+003 1.665537841796875e+003 5.413365478515625e+002 
3.350897216796875e+003 1.683174804687500e+003 9.320822753906250e+002 
2.910821533203125e+003 1.683174804687500e+003 3.738466552734375e+003 
3.098394775390625e+003 1.683173828125000e+003 5.917202148437500e+003 
3.538863525390625e+003 1.618670410156250e+003 6.269626953125000e+003 
3.942474853515625e+003 1.683174804687500e+003 5.982131835937500e+003 
4.238262695312500e+003 1.683174804687500e+003 3.716823242187500e+003 
3.877545410156250e+003 1.683174804687500e+003 9.032248535156250e+002 
3.603399414062500e+003 1.683174804687500e+003 6.435080566406250e+002 
3.531256347656250e+003 1.683173828125000e+003 1.018654785156250e+003 
3.076751953125000e+003 1.683173828125000e+003 3.738466552734375e+003 
3.278753662109375e+003 1.683174804687500e+003 5.808986328125000e+003 
3.531604736328125e+003 1.633125610351563e+003 5.966375488281250e+003 
3.776544433593750e+003 1.683174804687500e+003 5.873916015625000e+003 
4.057904052734375e+003 1.683173828125000e+003 3.731252197265625e+003 
3.711614990234375e+003 1.683174804687500e+003 1.054726318359375e+003 
ID=landmark_analysis/cultivated/batch8_Citrullus-amarus_B_stack.txt
LM3=32
3.287409179687500e+003 1.792374877929688e+003 7.451367187500000e+001 
3.287409179687500e+003 9.324788208007813e+002 6.925634765625000e+002 
3.287409179687500e+003 7.779661254882813e+002 9.478449707031250e+002 
3.287409179687500e+003 3.227441406250000e+001 2.929635742187500e+003 
3.287409179687500e+003 1.691604003906250e+003 5.421990234375000e+003 
3.287409179687500e+003 3.196421875000000e+003 3.037123046875000e+003 
3.287409179687500e+003 2.538064941406250e+003 9.679991455078125e+002 
3.287409179687500e+003 2.396988281250000e+003 6.589743652343750e+002 
3.365441162109375e+003 1.784026367187500e+003 1.016609344482422e+002 
3.287409179687500e+003 1.160888183593750e+003 8.403580322265625e+002 
3.287409179687500e+003 9.660683593750000e+002 1.115793334960938e+003 
3.287409179687500e+003 3.077099609375000e+002 2.936354003906250e+003 
3.287409179687500e+003 1.698322021484375e+003 5.159991210937500e+003 
3.287409179687500e+003 2.914269042968750e+003 3.057277343750000e+003 
3.287409179687500e+003 2.242475585937500e+003 1.229998535156250e+003 
3.287409179687500e+003 2.061091552734375e+003 9.679990234375000e+002 
3.291884765625000e+003 1.695511230468750e+003 1.259501953125000e+002 
3.038454345703125e+003 1.695511230468750e+003 3.934604492187500e+002 
2.475275390625000e+003 1.695511230468750e+003 2.948883789062500e+003 
2.763904785156250e+003 1.695511718750000e+003 5.074884765625000e+003 
3.228424804687500e+003 1.636830566406250e+003 5.442370117187500e+003 
3.601633544921875e+003 1.695511718750000e+003 5.117123046875000e+003 
3.953620117187500e+003 1.695511230468750e+003 2.991122314453125e+003 
3.517156494140625e+003 1.695511718750000e+003 4.427385253906250e+002 
3.284845458984375e+003 1.695511718750000e+003 2.456259765625000e+002 
3.193328613281250e+003 1.695511718750000e+003 4.990563964843750e+002 
2.644229248046875e+003 1.695511230468750e+003 2.962963378906250e+003 
2.918778808593750e+003 1.695511230468750e+003 4.955208984375000e+003 
3.207408447265625e+003 1.695511718750000e+003 5.194560058593750e+003 
3.446759033203125e+003 1.695510742187500e+003 5.011525878906250e+003 
3.798745849609375e+003 1.695511230468750e+003 2.998162109375000e+003 
3.362282714843750e+003 1.695511718750000e+003 5.483344726562500e+002 
ID=landmark_analysis/cultivated/batch8_Citrullus-amarus_C_stack.txt
LM3=32
3.705276367187500e+003 1.972764892578125e+003 2.465356445312500e+002 
3.705276367187500e+003 7.311318359375000e+002 9.946003417968750e+002 
3.705276367187500e+003 4.534998779296875e+002 1.480456542968750e+003 
3.705276367187500e+003 1.064588623046875e+002 3.099977539062500e+003 
3.705276367187500e+003 1.887931396484375e+003 6.022828125000000e+003 
3.705276367187500e+003 3.515165283203125e+003 3.130826171875000e+003 
3.705276367187500e+003 3.206686035156250e+003 1.457321044921875e+003 
3.705276367187500e+003 3.006173583984375e+003 1.056296630859375e+003 
3.759264648437500e+003 1.949158935546875e+003 3.860773315429688e+002 
3.705276367187500e+003 1.109020507812500e+003 1.310792358398438e+003 
3.705276367187500e+003 8.853718872070313e+002 1.727240844726563e+003 
3.705276367187500e+003 6.000275878906250e+002 3.092265869140625e+003 
3.705276367187500e+003 1.872507934570313e+003 5.575531738281250e+003 
3.705276367187500e+003 2.967613281250000e+003 3.146249755859375e+003 
3.705276367187500e+003 2.682269531250000e+003 1.773512817382813e+003 
3.705276367187500e+003 2.497181152343750e+003 1.472744995117188e+003 
3.678374267578125e+003 1.919952636718750e+003 2.159025878906250e+002 
3.226072509765625e+003 1.919952636718750e+003 6.364641113281250e+002 
2.789640380859375e+003 1.919952636718750e+003 3.096352783203125e+003 
3.146721191406250e+003 1.919952636718750e+003 5.611787597656250e+003 
3.732342041015625e+003 1.833638427734375e+003 6.027553710937500e+003 
4.400470703125000e+003 1.919952636718750e+003 5.691138671875000e+003 
4.662330078125000e+003 1.919952636718750e+003 3.136028320312500e+003 
4.186222656250000e+003 1.919952636718750e+003 6.126584472656250e+002 
3.670438964843750e+003 1.919952636718750e+003 3.587346191406250e+002 
3.551412353515625e+003 1.919952636718750e+003 8.269069824218750e+002 
3.226072509765625e+003 1.919952636718750e+003 3.096352783203125e+003 
3.472061279296875e+003 1.919951660156250e+003 5.318187500000000e+003 
3.748074218750000e+003 1.834273559570313e+003 5.595436035156250e+003 
4.059260498046875e+003 1.919952636718750e+003 5.381668945312500e+003 
4.178287597656250e+003 1.919952636718750e+003 3.136028320312500e+003 
3.868817626953125e+003 1.919952636718750e+003 9.221286621093750e+002 
ID=landmark_analysis/cultivated/Batch9_Citrullus_naudinianus_A_2_seeds.txt
LM3=32
2.389884765625000e+003 1.397183227539063e+003 5.932739257812500e+001 
2.389884765625000e+003 6.173705444335938e+002 6.619095458984375e+002 
2.389884765625000e+003 4.342325439453125e+002 1.057723266601563e+003 
2.389884765625000e+003 9.749511718750000e+001 2.499194580078125e+003 
2.389884765625000e+003 1.349920776367188e+003 4.655494140625000e+003 
2.389884765625000e+003 2.726408691406250e+003 2.522825683593750e+003 
2.389884765625000e+003 2.484194824218750e+003 9.454777832031250e+002 
2.389884765625000e+003 2.360133300781250e+003 6.855404052734375e+002 
2.389884765625000e+003 1.420814086914063e+003 4.315104980468750e+002 
2.389884765625000e+003 9.009387207031250e+002 9.454775390625000e+002 
2.389884765625000e+003 7.296162719726563e+002 1.240860961914063e+003 
2.389884765625000e+003 4.401403198242188e+002 2.463748779296875e+003 
2.389884765625000e+003 1.361736328125000e+003 4.283311035156250e+003 
2.389884765625000e+003 2.348317871093750e+003 2.516917968750000e+003 
2.389884765625000e+003 2.153364990234375e+003 1.211322875976563e+003 
2.389884765625000e+003 1.999765502929688e+003 1.004554565429688e+003 
2.422091796875000e+003 1.373088867187500e+003 8.660058593750000e+001 
2.097268554687500e+003 1.373088378906250e+003 4.232357177734375e+002 
1.725197998046875e+003 1.373088867187500e+003 2.472575439453125e+003 
1.937809570312500e+003 1.373088867187500e+003 4.350644531250000e+003 
2.393150390625000e+003 1.305548950195313e+003 4.646535644531250e+003 
2.794162109375000e+003 1.373088378906250e+003 4.409703125000000e+003 
3.071738769531250e+003 1.373088867187500e+003 2.519822509765625e+003 
2.752820800781250e+003 1.373088867187500e+003 3.700825195312500e+002 
2.433903564453125e+003 1.373088867187500e+003 2.992121582031250e+002 
2.351220947265625e+003 1.373088867187500e+003 6.063177490234375e+002 
2.038209594726563e+003 1.373088867187500e+003 2.472575439453125e+003 
2.150421386718750e+003 1.373088867187500e+003 4.120315429687500e+003 
2.398897705078125e+003 1.318286376953125e+003 4.293530761718750e+003 
2.575645019531250e+003 1.373088867187500e+003 4.185279785156250e+003 
2.776444580078125e+003 1.373088867187500e+003 2.519822509765625e+003 
2.510679931640625e+003 1.373088867187500e+003 5.531650390625000e+002 
ID=landmark_analysis/cultivated/Batch9_Citrullus_naudinianus_B_2_seeds.txt
LM3=32
2.587823242187500e+003 1.553767578125000e+003 9.273144531250000e+001 
2.587823242187500e+003 6.014271850585938e+002 7.234201660156250e+002 
2.587823242187500e+003 3.491516113281250e+002 1.139674926757813e+003 
2.587823242187500e+003 4.011376953125000e+001 2.634407470703125e+003 
2.587823242187500e+003 1.654677124023438e+003 4.986877441406250e+003 
2.587823242187500e+003 2.922362060546875e+003 2.590259765625000e+003 
2.587823242187500e+003 2.682700683593750e+003 1.404564575195313e+003 
2.587823730468750e+003 2.531335449218750e+003 1.007230712890625e+003 
2.587823242187500e+003 1.465470947265625e+003 5.342138671875000e+002 
2.587823730468750e+003 9.356923217773438e+002 1.026150878906250e+003 
2.587823730468750e+003 7.464858398437500e+002 1.391950561523438e+003 
2.587823242187500e+003 5.131304931640625e+002 2.628100830078125e+003 
2.587823242187500e+003 1.642063232421875e+003 4.665226562500000e+003 
2.587823242187500e+003 2.487187011718750e+003 2.647021484375000e+003 
2.587823242187500e+003 2.291673339843750e+003 1.618998779296875e+003 
2.587823242187500e+003 2.146614746093750e+003 1.291040527343750e+003 
2.639344482421875e+003 1.542297363281250e+003 1.215058593750000e+002 
2.285133544921875e+003 1.542297363281250e+003 5.014786376953125e+002 
1.737715332031250e+003 1.542297363281250e+003 2.626747314453125e+003 
1.905160766601563e+003 1.542297363281250e+003 4.629651855468750e+003 
2.510540527343750e+003 1.542297363281250e+003 4.983864257812500e+003 
3.225403808593750e+003 1.542297363281250e+003 4.565250488281250e+003 
3.425050292968750e+003 1.542297363281250e+003 2.652508056640625e+003 
3.025757080078125e+003 1.542297363281250e+003 5.207991943359375e+002 
2.645784912109375e+003 1.542297363281250e+003 3.855549316406250e+002 
2.549181884765625e+003 1.542297363281250e+003 6.946849365234375e+002 
2.169209228515625e+003 1.542297363281250e+003 2.620306884765625e+003 
2.278693115234375e+003 1.542297363281250e+003 4.391364257812500e+003 
2.510540527343750e+003 1.542297363281250e+003 4.648972656250000e+003 
2.838991210937500e+003 1.542297363281250e+003 4.397804687500000e+003 
2.980675781250000e+003 1.542297363281250e+003 2.646067871093750e+003 
2.748827880859375e+003 1.542297363281250e+003 7.011251220703125e+002 
ID=landmark_analysis/cultivated/Batch9_Citrullus_naudinianus_C_2_seeds.txt
LM3=32
6.536665039062500e+002 1.360734252929688e+003 5.867333984375000e+001 
6.536665039062500e+002 7.014940185546875e+002 4.706979980468750e+002 
6.536665039062500e+002 4.366207275390625e+002 1.012216430664063e+003 
6.536665039062500e+002 1.070000000000000e+002 2.366012695312500e+003 
6.536665039062500e+002 1.066429199218750e+003 4.749872070312500e+003 
6.536665039062500e+002 2.561491943359375e+003 2.501392822265625e+003 
6.536665039062500e+002 2.267188964843750e+003 1.094621826171875e+003 
6.536665039062500e+002 2.102378906250000e+003 6.884829101562500e+002 
6.536665039062500e+002 1.343075805664063e+003 4.177235107421875e+002 
6.536665039062500e+002 9.310509033203125e+002 8.356342773437500e+002 
6.536665039062500e+002 7.250380859375000e+002 1.235887084960938e+003 
6.536665039062500e+002 4.601646118164063e+002 2.395443359375000e+003 
6.536665039062500e+002 1.113518188476563e+003 4.373163085937500e+003 
6.536665039062500e+002 2.184783447265625e+003 2.501392578125000e+003 
6.536665039062500e+002 1.943455200195313e+003 1.241773681640625e+003 
6.536665039062500e+002 1.825733398437500e+003 9.062675781250000e+002 
6.395246582031250e+002 1.248142578125000e+003 4.807739257812500e+001 
2.958519897460938e+002 1.248142578125000e+003 5.024239501953125e+002 
3.372888183593750e+001 1.248142578125000e+003 2.395535644531250e+003 
2.550772705078125e+002 1.248142578125000e+003 4.445920898437500e+003 
7.909733276367188e+002 1.248142578125000e+003 4.766293457031250e+003 
1.309394653320313e+003 1.248142578125000e+003 4.376021484375000e+003 
1.338519897460938e+003 1.248142578125000e+003 2.354760742187500e+003 
9.307727050781250e+002 1.248142578125000e+003 3.160256347656250e+002 
6.350007324218750e+002 6.636471557617188e+002 4.506595153808594e+002 
5.521500854492188e+002 1.248142578125000e+003 6.655230712890625e+002 
3.657515563964844e+002 1.248142578125000e+003 2.401360107421875e+003 
5.405003051757813e+002 1.248142578125000e+003 4.195447265625000e+003 
7.851483154296875e+002 1.248142578125000e+003 4.410970703125000e+003 
1.000671813964844e+003 1.248142578125000e+003 4.195447753906250e+003 
1.018146789550781e+003 1.248142578125000e+003 2.372235595703125e+003 
7.443738403320313e+002 1.248142089843750e+003 5.781485595703125e+002 
ID=landmark_analysis/cultivated/Batch9_Citrullus_naudinianus_D_2_seeds.txt
LM3=32
1.059434570312500e+003 1.120560058593750e+003 6.088500976562500e+001 
1.025882324218750e+003 7.529378051757813e+002 3.028159179687500e+002 
1.008349609375000e+003 4.792375183105469e+002 7.709508056640625e+002 
NA NA NA 
NA NA NA 
8.431708374023438e+002 2.068744628906250e+003 2.130906982421875e+003 
NA NA NA 
NA NA NA 
NA NA NA 
NA NA NA 
NA NA NA 
NA NA NA 
NA NA NA 
NA NA NA 
NA NA NA 
NA NA NA 
1.204012695312500e+003 1.126041259765625e+003 2.069021484375000e+003 
NA NA NA 
NA NA NA 
NA NA NA 
NA NA NA 
NA NA NA 
1.089696533203125e+003 1.170363769531250e+003 5.220549316406250e+002 
1.100734985351563e+003 1.138509765625000e+003 4.892036056518555e+001 
NA NA NA 
NA NA NA 
NA NA NA 
NA NA NA 
NA NA NA 
NA NA NA 
NA NA NA 
NA NA NA 
ID=landmark_analysis/subfossils/batch1_Citrullus-colocynthis_UMA25_D_stack.txt
LM3=32
7.782119140625000e+002 1.904999267578125e+003 9.947460937500000e+001 
7.782119140625000e+002 1.228560791015625e+003 6.580010986328125e+002 
7.782119140625000e+002 1.116855468750000e+003 1.092410766601563e+003 
7.782119140625000e+002 5.459162597656250e+002 2.625256591796875e+003 
7.782119140625000e+002 1.867762329101563e+003 5.120010253906250e+003 
7.782119140625000e+002 3.313727050781250e+003 2.712138671875000e+003 
7.782119140625000e+002 2.711759521484375e+003 1.017941040039063e+003 
7.782119140625000e+002 2.587642822265625e+003 5.276784667968750e+002 
7.782119140625000e+002 1.898793090820313e+003 3.973557128906250e+002 
7.782119140625000e+002 1.538853393554688e+003 8.503825683593750e+002 
7.782119140625000e+002 1.358883666992188e+003 1.204116088867188e+003 
7.782119140625000e+002 7.569152832031250e+002 2.637668212890625e+003 
7.782119140625000e+002 1.861556884765625e+003 4.890393554687500e+003 
7.782119140625000e+002 3.152374511718750e+003 2.724550537109375e+003 
7.782119140625000e+002 2.581437011718750e+003 1.179293090820313e+003 
7.782119140625000e+002 2.233909179687500e+003 9.124412841796875e+002 
6.593121337890625e+002 1.867334960937500e+003 1.785520019531250e+002 
4.590596313476563e+002 1.867334960937500e+003 2.849362792968750e+002 
2.087438964843750e+002 1.867334960937500e+003 2.662934570312500e+003 
4.027386474609375e+002 1.867334960937500e+003 4.859454101562500e+003 
7.968600463867188e+002 1.819161499023438e+003 5.111657226562500e+003 
1.153685546875000e+003 1.867334960937500e+003 4.871969726562500e+003 
1.353937744140625e+003 1.867334960937500e+003 2.656676513671875e+003 
9.909804687500000e+002 1.867334960937500e+003 3.287414550781250e+002 
6.968594970703125e+002 1.867334960937500e+003 3.412570800781250e+002 
6.217647094726563e+002 1.867334960937500e+003 4.977043457031250e+002 
3.701976928710938e+002 1.780227905273438e+003 2.656107666015625e+003 
5.591860351562500e+002 1.867334960937500e+003 4.740553710937500e+003 
8.030640258789063e+002 1.815734252929688e+003 4.899215332031250e+003 
1.016012084960938e+003 1.867334960937500e+003 4.784358886718750e+003 
1.191232910156250e+003 1.867334960937500e+003 2.662934570312500e+003 
7.969859008789063e+002 1.867334960937500e+003 5.727990722656250e+002 
ID=landmark_analysis/subfossils/batch1_Citrullus-lanatus_tomb_A_stack.txt
LM3=32
2.608196289062500e+003 1.569732666015625e+003 3.807287597656250e+002 
2.608196289062500e+003 9.477517089843750e+002 7.455438232421875e+002 
2.608196289062500e+003 6.786254272460938e+002 1.212029174804688e+003 
2.608196289062500e+003 1.403721923828125e+002 2.731097167968750e+003 
2.608196289062500e+003 1.456100219726563e+003 5.159214355468750e+003 
2.608196289062500e+003 2.640256347656250e+003 2.934437744140625e+003 
2.608196289062500e+003 2.251519042968750e+003 1.265854858398438e+003 
2.608196289062500e+003 2.125926757812500e+003 8.771168212890625e+002 
2.608196289062500e+003 1.509926757812500e+003 6.558354492187500e+002 
2.608196289062500e+003 1.133149780273438e+003 1.008689575195313e+003 
2.608196289062500e+003 8.580427246093750e+002 1.439291381835938e+003 
2.608196289062500e+003 3.496928710937500e+002 2.766980712890625e+003 
2.608196289062500e+003 1.468061523437500e+003 4.979797363281250e+003 
2.608196289062500e+003 2.418974853515625e+003 2.940417968750000e+003 
2.608196289062500e+003 1.934547851562500e+003 1.511058593750000e+003 
2.608196289062500e+003 1.737188720703125e+003 1.170165405273438e+003 
2.602228759765625e+003 1.519283203125000e+003 4.033872070312500e+002 
2.382931396484375e+003 1.519283203125000e+003 6.896923828125000e+002 
2.108809570312500e+003 1.519283203125000e+003 2.730376220703125e+003 
2.267190917968750e+003 1.519283203125000e+003 4.892892578125000e+003 
2.615987060546875e+003 1.406250244140625e+003 5.140266113281250e+003 
2.985999511718750e+003 1.519283203125000e+003 4.935533203125000e+003 
3.314945800781250e+003 1.519283203125000e+003 2.748651123046875e+003 
2.906808593750000e+003 1.519283203125000e+003 6.775090332031250e+002 
2.639645507812500e+003 9.045974121093750e+002 7.391442260742188e+002 
2.565678955078125e+003 1.519283203125000e+003 7.566997070312500e+002 
2.279374267578125e+003 1.519283203125000e+003 2.742559814453125e+003 
2.401206054687500e+003 1.519283203125000e+003 4.783243652343750e+003 
2.609722167968750e+003 1.424598266601563e+003 4.948284667968750e+003 
2.851984130859375e+003 1.519283203125000e+003 4.813702148437500e+003 
3.150472656250000e+003 1.519283203125000e+003 2.760834472656250e+003 
2.766701660156250e+003 1.519283203125000e+003 7.871577148437500e+002 
ID=landmark_analysis/subfossils/batch1_Citrullus-lanatus_tomb_B_stack.txt
LM3=32
3.996955566406250e+002 9.803306884765625e+002 1.097479248046875e+002 
3.996955566406250e+002 6.975241699218750e+002 2.400605468750000e+002 
3.996955566406250e+002 6.060280761718750e+002 5.200941162109375e+002 
3.996955566406250e+002 3.315392456054688e+002 1.304742919921875e+003 
3.996955566406250e+002 8.389267578125000e+002 2.363880371093750e+003 
3.996955566406250e+002 1.482173095703125e+003 1.329696899414063e+003 
3.996955566406250e+002 1.293635620117188e+003 5.173217163085938e+002 
3.996955566406250e+002 1.249273925781250e+003 2.844223632812500e+002 
3.996955566406250e+002 9.720126953125000e+002 1.956987304687500e+002 
3.996955566406250e+002 8.195191040039063e+002 4.285980224609375e+002 
3.996955566406250e+002 6.808884277343750e+002 6.060451049804688e+002 
3.996955566406250e+002 4.285806274414063e+002 1.313060791015625e+003 
3.996955566406250e+002 8.472446899414063e+002 2.264066650390625e+003 
3.996955566406250e+002 1.390676635742188e+003 1.338014526367188e+003 
3.996955566406250e+002 1.155005126953125e+003 6.226809082031250e+002 
3.996955566406250e+002 1.082917236328125e+003 4.175076293945313e+002 
3.718852233886719e+002 9.112824707031250e+002 1.355384521484375e+002 
2.410130615234375e+002 9.112824707031250e+002 2.107203369140625e+002 
1.908918457031250e+002 9.112824707031250e+002 1.324526611328125e+003 
2.326595611572266e+002 9.112824707031250e+002 2.226709716796875e+003 
4.194312744140625e+002 8.312008056640625e+002 2.353944824218750e+003 
5.974310302734375e+002 9.112824707031250e+002 2.251770019531250e+003 
6.447678222656250e+002 9.112824707031250e+002 1.305035034179688e+003 
5.055419921875000e+002 9.112822265625000e+002 2.079360351562500e+002 
3.783564147949219e+002 6.884737548828125e+002 2.433637695312500e+002 
3.579627380371094e+002 9.112822265625000e+002 2.942560424804688e+002 
2.549355773925781e+002 9.112822265625000e+002 1.327311157226563e+003 
3.106259765625000e+002 9.112822265625000e+002 2.187726318359375e+003 
4.221226501464844e+002 8.446872558593750e+002 2.257896728515625e+003 
5.194645385742188e+002 9.112824707031250e+002 2.204433593750000e+003 
5.807241210937500e+002 9.112824707031250e+002 1.305035034179688e+003 
4.164376220703125e+002 9.112822265625000e+002 3.109630126953125e+002 
ID=landmark_analysis/subfossils/batch1_Citrullus-lanatus_tomb_C_stack.txt
LM3=32
3.015247070312500e+003 1.682576660156250e+003 1.111335449218750e+002 
3.015247070312500e+003 1.119746093750000e+003 3.727307128906250e+002 
3.015248046875000e+003 9.374208374023438e+002 6.105467529296875e+002 
3.015248046875000e+003 2.239730224609375e+002 2.687470703125000e+003 
3.015247070312500e+003 1.761848022460938e+003 4.946721679687500e+003 
3.015247070312500e+003 3.149107421875000e+003 2.521000488281250e+003 
3.015247070312500e+003 2.760675048828125e+003 1.268503906250000e+003 
3.015248046875000e+003 2.562495361328125e+003 8.483625488281250e+002 
3.015247070312500e+003 1.658795410156250e+003 4.678571777343750e+002 
3.015248046875000e+003 1.420979492187500e+003 6.739641113281250e+002 
3.015247070312500e+003 1.238654174804688e+003 1.014833251953125e+003 
3.015247070312500e+003 5.093518066406250e+002 2.671616699218750e+003 
3.015248046875000e+003 1.761848022460938e+003 4.700978515625000e+003 
3.015247070312500e+003 2.855801269531250e+003 2.576490966796875e+003 
3.015247070312500e+003 2.459442138671875e+003 1.498392211914063e+003 
3.015247070312500e+003 2.205771728515625e+003 1.189231811523438e+003 
2.951780029296875e+003 1.712248046875000e+003 1.267028808593750e+002 
2.545591308593750e+003 1.712248046875000e+003 5.328916015625000e+002 
2.221909667968750e+003 1.712248046875000e+003 2.684421875000000e+003 
2.532897949218750e+003 1.712248046875000e+003 4.734404785156250e+003 
2.964473632812500e+003 1.712248046875000e+003 4.956540039062500e+003 
3.408742431640625e+003 1.712248046875000e+003 4.747098632812500e+003 
3.757811035156250e+003 1.712248046875000e+003 2.659035156250000e+003 
3.351622070312500e+003 1.712248046875000e+003 5.773183593750000e+002 
2.964473632812500e+003 1.712248046875000e+003 3.615307617187500e+002 
2.831192871093750e+003 1.712248046875000e+003 6.788654785156250e+002 
2.482124511718750e+003 1.712248046875000e+003 2.703462158203125e+003 
2.716952392578125e+003 1.712248046875000e+003 4.524964843750000e+003 
2.977166992187500e+003 1.712248046875000e+003 4.702671875000000e+003 
3.231034667968750e+003 1.712248046875000e+003 4.588430664062500e+003 
3.542023437500000e+003 1.712248046875000e+003 2.697115234375000e+003 
3.116793945312500e+003 1.712248046875000e+003 6.852122802734375e+002 
ID=landmark_analysis/subfossils/batch3_Citrullus-colocynthis_UMA14_D_stack.txt
LM3=32
2.966948852539063e+002 9.210693969726563e+002 7.345458984375000e+001 
3.060989990234375e+002 3.566127929687500e+002 4.811821289062500e+002 
2.813127441406250e+002 3.154849853515625e+002 7.613374023437500e+002 
NA NA NA 
NA NA NA 
4.668886718750000e+002 1.897823974609375e+003 1.707939575195313e+003 
NA NA NA 
NA NA NA 
NA NA NA 
NA NA NA 
NA NA NA 
NA NA NA 
NA NA NA 
NA NA NA 
NA NA NA 
NA NA NA 
3.011898803710938e+002 8.953360595703125e+002 7.588769531250000e+001 
NA NA NA 
NA NA NA 
NA NA NA 
NA NA NA 
NA NA NA 
4.399604492187500e+002 9.872205810546875e+002 1.795505371093750e+003 
3.977087402343750e+002 9.271614379882813e+002 6.524914550781250e+002 
NA NA NA 
NA NA NA 
NA NA NA 
NA NA NA 
NA NA NA 
NA NA NA 
NA NA NA 
NA NA NA 
ID=landmark_analysis/subfossils/batch3_Citrullus-lanatus_UMB6_A_stack.txt
LM3=32
NA NA NA 
NA NA NA 
NA NA NA 
NA NA NA 
2.032306640625000e+003 1.766477050781250e+003 4.874754394531250e+003 
2.498708496093750e+003 3.249038574218750e+003 2.449139404296875e+003 
NA NA NA 
NA NA NA 
NA NA NA 
NA NA NA 
NA NA NA 
NA NA NA 
NA NA NA 
NA NA NA 
NA NA NA 
NA NA NA 
NA NA NA 
NA NA NA 
NA NA NA 
NA NA NA 
2.036690917968750e+003 1.779640136718750e+003 4.919651367187500e+003 
2.607044433593750e+003 1.766536132812500e+003 4.469171875000000e+003 
2.810153808593750e+003 1.761974243164063e+003 2.521194335937500e+003 
2.914943359375000e+003 1.782339111328125e+003 9.785014038085938e+002 
NA NA NA 
NA NA NA 
NA NA NA 
NA NA NA 
NA NA NA 
NA NA NA 
NA NA NA 
NA NA NA 
ID=landmark_analysis/subfossils/batch3_Citrullus-lanatus_UMB6_B_stack.txt
LM3=32
NA NA NA 
NA NA NA 
NA NA NA 
3.305324462890625e+003 3.923486328125000e+002 2.959620361328125e+003 
3.518664306640625e+003 1.814642211914063e+003 5.386964843750000e+003 
NA NA NA 
NA NA NA 
NA NA NA 
NA NA NA 
NA NA NA 
NA NA NA 
NA NA NA 
NA NA NA 
NA NA NA 
NA NA NA 
NA NA NA 
NA NA NA 
2.965871582031250e+003 1.880798828125000e+003 1.811148925781250e+003 
2.755830322265625e+003 1.798510009765625e+003 2.984953613281250e+003 
2.997946777343750e+003 1.829618408203125e+003 5.049037109375000e+003 
3.474389648437500e+003 1.843991455078125e+003 5.387734375000000e+003 
NA NA NA 
NA NA NA 
NA NA NA 
NA NA NA 
NA NA NA 
NA NA NA 
NA NA NA 
NA NA NA 
NA NA NA 
NA NA NA 
NA NA NA 
ID=landmark_analysis/subfossils/batch3_Citrullus-lanatus_UMB6_C_stack.txt
LM3=32
NA NA NA 
NA NA NA 
NA NA NA 
2.227964355468750e+003 2.708574218750000e+002 1.645819335937500e+003 
2.212269287109375e+003 1.424280273437500e+003 4.072411132812500e+003 
2.458667480468750e+003 2.940649414062500e+003 1.605115966796875e+003 
NA NA NA 
NA NA NA 
NA NA NA 
NA NA NA 
NA NA NA 
NA NA NA 
NA NA NA 
NA NA NA 
NA NA NA 
NA NA NA 
NA NA NA 
NA NA NA 
NA NA NA 
NA NA NA 
2.215887695312500e+003 1.411258300781250e+003 4.123484863281250e+003 
2.678649902343750e+003 1.320914062500000e+003 3.761423583984375e+003 
2.856964355468750e+003 1.584034179687500e+003 1.622148193359375e+003 
NA NA NA 
NA NA NA 
NA NA NA 
NA NA NA 
NA NA NA 
NA NA NA 
NA NA NA 
NA NA NA 
NA NA NA 
ID=landmark_analysis/subfossils/batch4_Citrullus-colocynthis_UMA25_A_stack.txt
LM3=32
1.094169799804688e+003 1.630458251953125e+003 1.427275390625000e+002 
1.132440429687500e+003 1.282810546875000e+003 6.554279785156250e+002 
1.142693359375000e+003 1.182405273437500e+003 9.398635253906250e+002 
9.604990234375000e+002 2.965986328125000e+002 2.902319824218750e+003 
9.755950317382813e+002 1.638569580078125e+003 5.627449218750000e+003 
9.717017822265625e+002 2.995192871093750e+003 2.970232421875000e+003 
1.024927246093750e+003 2.151553466796875e+003 8.046791992187500e+002 
1.090126953125000e+003 2.001259765625000e+003 5.446618652343750e+002 
NA NA NA 
NA NA NA 
NA NA NA 
NA NA NA 
NA NA NA 
NA NA NA 
NA NA NA 
NA NA NA 
1.026882568359375e+003 6.213515625000000e+002 1.929955810546875e+003 
1.052096191406250e+003 1.580089843750000e+003 1.365705566406250e+002 
6.970795898437500e+002 1.747910156250000e+003 7.819871215820313e+002 
3.591035156250000e+002 1.658786132812500e+003 2.899072753906250e+003 
4.955808105468750e+002 1.659447265625000e+003 5.275166015625000e+003 
1.325940429687500e+003 1.586614990234375e+003 5.321916992187500e+003 
1.485767333984375e+003 1.659447265625000e+003 2.931448242187500e+003 
1.369972167968750e+003 1.664317138671875e+003 6.696345214843750e+002 
NA NA NA 
NA NA NA 
NA NA NA 
NA NA NA 
NA NA NA 
NA NA NA 
NA NA NA 
NA NA NA 
ID=landmark_analysis/subfossils/batch4_Citrullus-colocynthis_UMA25_BC_stack.txt
